0107110906091908
0107140606060250
0107140809011604
0107140606060251
0107131006112310
01030A0006041517
0107131006112309
A2111LHC0212112002
01030A0006030807
01030A0006010111
0107140606060254
0107281610111313
0107141006020306
0107141009052201
0307141510110627
01030A0005081951
0107010606041916
01030A0006090109
0107151006071234
0107140206072854
0107140809011601
0107311511031001
5102100804
11023001001
0107211512042401
0307311513021420
0307311513021419
0755PTS020065
5102100803
0107140809011610
0103160007060524
01030A0006070825
0107140206072855
0107140809011602
0107140806112319
0107140606060252
0107140606060253
0107141006020318
0107131006101436
0107150208070501
0755PTS091001
0755PTS033059
3104120022012030
C609BA1806DSIJPHVS
0107140809011607