V100018801094083
6806131600047998
6806131200039165
7810115116907057
7810119991996907
7810119991998703
7810119991998071
7810119991998067
7810119991998018
7810113910695640
7810118235473526
6806131200048122
6806131000047393
7810117821307651
7810113991998807
V100015010716134
V100013661361201
7810113146979824
7810117610892369
7810113681530017
6806131300047400
7810119991995610
7810119991995619
7810119991995861
7810119991995813
7810119991997510
7810119991997511
7810118235473005
7810118235473006
7810116991998921
7810119991992563
7810116991995321
7810116991995213
7810118235473527
7810113991999902
7810113991999903
7810119991999905
7810115991999906
7810113991999906
7810113991999907
7810113991999908
7810113991999909
6803131900021432
7810113991999911
6803131900021427
7810113991999912
6803131900020772
6803131100037446
7810113991999913
7810113991999915
7810113991999916
7810113991999917
7810119991999919
7810113991999920
7810113991999930
7810113991999931
7810113991999932
7810113991999933
7810113991999935
7810113991999936
7810113991999960
7810113991999961
6803131300035229
7810113991999970
7810113999199971
7810113999199973
7810113991999975
7810113999199996
7810113999199970
7810113999199997
6803131900020767
7810113991998071
7810113999199983
7810116991999910
7810116991999903
6803131900020753
6803131900023271
6803131900019863
7810115991998830
7810115991998831
7810115991998832
7810115991998833
7810115991998835
7810115991998836
7810113991998869
7810115991998702
7810115991998563
6803131900019575
6803131900019561
6803131500040140
7810113121791057
6807131300002000
6807131800005218
7810119991998807
6807131500002377
7810113991999901
7810113991999910
7810119991995630
7810115991998877
6873131300003080